g++ -g -Wall -Wextra -Wpedantic    solution.cpp   -o solution
solution.cpp: In function ‘int main(int, char**)’:
solution.cpp:155:14: warning: unused parameter ‘argc’ [-Wunused-parameter]
  155 | int main(int argc, char **argv)
      |          ~~~~^~~~
solution.cpp:155:27: warning: unused parameter ‘argv’ [-Wunused-parameter]
  155 | int main(int argc, char **argv)
      |                    ~~~~~~~^~~~
205 @103,105;0
41 @110,111;0
993 @113,115;0
416 @128,130;0
62 @4,5;7
854 @35,37;7
701 @44,46;7
906 @95,97;7
469 @63,65;8
983 @136,138;8
37 @110,111;10
775 @121,123;10
32 @0,1;11
404 @83,85;12
324 @54,56;13
597 @58,60;13
14 @71,72;14
194 @137,139;17
698 @99,101;18
196 @39,41;19
830 @135,137;22
243 @0,2;23
723 @113,115;23
840 @32,34;24
212 @1,3;26
664 @5,7;26
572 @95,97;26
37 @106,107;27
387 @135,137;27
856 @33,35;28
755 @111,113;28
801 @53,55;29
831 @77,79;29
230 @81,83;29
374 @90,92;29
383 @116,118;29
895 @99,101;30
100 @90,92;31
883 @135,137;31
138 @86,88;33
131 @128,130;34
124 @14,16;37
299 @27,29;37
940 @0,2;39
641 @105,107;41
927 @119,121;41
872 @5,7;43
45 @69,70;44
160 @55,57;45
371 @1,3;46
956 @94,96;47
893 @3,5;49
685 @13,15;52
177 @30,32;52
87 @25,26;53
955 @65,67;54
966 @35,37;55
378 @0,2;56
915 @96,98;56
208 @68,70;57
320 @101,103;57
834 @4,6;58
44 @45,46;58
577 @101,103;59
758 @110,112;59
247 @116,118;59
536 @63,65;60
21 @87,88;61
466 @1,3;63
850 @113,115;63
94 @28,29;64
255 @69,71;64
472 @137,139;64
223 @112,114;65
476 @74,76;67
472 @128,130;67
673 @84,86;68
862 @46,48;69
450 @128,130;69
528 @135,137;69
604 @65,67;70
984 @32,34;73
361 @81,83;73
942 @49,51;74
746 @65,67;75
320 @133,135;78
275 @14,16;80
820 @31,33;80
836 @62,64;81
982 @66,68;81
169 @11,13;82
714 @80,82;82
110 @34,36;84
708 @65,67;84
556 @97,99;85
638 @129,131;85
165 @135,137;85
914 @30,32;87
453 @66,68;87
506 @23,25;88
639 @51,53;88
591 @100,102;88
430 @51,53;90
603 @78,80;90
491 @88,90;90
370 @1,3;92
143 @8,10;92
39 @5,6;93
668 @111,113;94
527 @7,9;95
914 @130,132;96
12 @138,139;96
15 @103,104;97
877 @71,73;99
331 @126,128;99
1 @44,44;100
496 @102,104;102
370 @64,66;103
387 @30,32;105
129 @0,2;106
173 @42,44;106
664 @69,71;108
689 @110,112;109
249 @63,65;110
983 @127,129;110
935 @122,124;111
510 @35,37;112
650 @99,101;112
205 @2,4;113
191 @122,124;113
657 @101,103;114
251 @33,35;115
775 @84,86;115
97 @88,89;115
222 @95,97;115
245 @53,55;116
748 @43,45;117
442 @9,11;118
111 @31,33;118
253 @137,139;119
727 @80,82;120
607 @49,51;121
617 @90,92;121
918 @134,136;121
462 @121,123;124
274 @98,100;125
904 @11,13;126
622 @20,22;126
163 @121,123;126
295 @0,2;127
708 @16,18;127
645 @98,100;127
778 @95,97;131
19 @126,127;131
502 @136,138;131
398 @10,12;133
66 @92,93;134
780 @13,15;135
197 @17,19;136
578 @84,86;137
871 @89,91;137
153 @24,26;138
701 @132,134;138
890 @2,4;139
252 @9,11;139
513661
